000 0.0476 20.0000
001 0.0491 19.3703
002 0.0506 18.7593
003 0.0522 18.1670
004 0.0538 17.5922
005 0.0554 17.0346
006 0.0572 16.4938
007 0.0589 15.9693
008 0.0608 15.4604
009 0.0626 14.9668
010 0.0646 14.4880
011 0.0666 14.0236
012 0.0686 13.5732
013 0.0707 13.1361
014 0.0729 12.7122
015 0.0752 12.3011
016 0.0775 11.9022
017 0.0799 11.5153
018 0.0824 11.1400
019 0.0849 10.7759
020 0.0875 10.4228
021 0.0902 10.0803
022 0.0930 9.7481
023 0.0959 9.4258
024 0.0989 9.1132
025 0.1019 8.8099
026 0.1051 8.5157
027 0.1083 8.2304
028 0.1117 7.9536
029 0.1151 7.6852
030 0.1187 7.4247
031 0.1224 7.1721
032 0.1262 6.9270
033 0.1301 6.6893
034 0.1341 6.4587
035 0.1382 6.2351
036 0.1425 6.0181
037 0.1469 5.8077
038 0.1514 5.6035
039 0.1561 5.4055
040 0.1609 5.2134
041 0.1659 5.0271
042 0.1710 4.8464
043 0.1763 4.6711
044 0.1818 4.5010
045 0.1874 4.3361
046 0.1932 4.1760
047 0.1992 4.0208
048 0.2053 3.8703
049 0.2117 3.7242
050 0.2182 3.5826
051 0.2250 3.4452
052 0.2319 3.3119
053 0.2391 3.1826
054 0.2465 3.0571
055 0.2541 2.9355
056 0.2620 2.8175
057 0.2701 2.7030
058 0.2784 2.5920
059 0.2870 2.4843
060 0.2959 2.3798
061 0.3050 2.2784
062 0.3145 2.1801
063 0.3242 2.0848
064 0.3342 1.9923
065 0.3445 1.9025
066 0.3552 1.8155
067 0.3662 1.7311
068 0.3775 1.6492
069 0.3891 1.5697
070 0.4012 1.4927
071 0.4136 1.4179
072 0.4264 1.3454
073 0.4395 1.2751
074 0.4531 1.2069
075 0.4671 1.1407
076 0.4816 1.0765
077 0.4965 1.0142
078 0.5118 0.9538
079 0.5276 0.8952
080 0.5439 0.8384
081 0.5608 0.7833
082 0.5781 0.7298
083 0.5960 0.6779
084 0.6144 0.6276
085 0.6334 0.5788
086 0.6530 0.5315
087 0.6731 0.4856
088 0.6940 0.4410
089 0.7154 0.3978
090 0.7375 0.3559
091 0.7603 0.3152
092 0.7838 0.2758
093 0.8081 0.2375
094 0.8330 0.2004
095 0.8588 0.1644
096 0.8853 0.1295
097 0.9127 0.0956
098 0.9409 0.0628
099 0.9700 0.0309
100 1.0000 0.0000
